f1 = 0.7878317553934502
loss = 0.158540060212474
precision = 0.7721326437480985
recall = 0.8041825095057035
